image: bmcmap4.pgm
resolution: 0.010000
origin: [-7.664207, -8.624492, 0.000000]
negate: 0
occupied_thresh: 0.65
free_thresh: 0.196

