image: bmcmap2.pgm
resolution: 0.010000
origin: [-11.271172, -9.401857, 0.000000]
negate: 0
occupied_thresh: 0.65
free_thresh: 0.196

