image: bmcourtmap1.pgm
resolution: 0.010000
origin: [-10.103256, -9.848962, 0.000000]
negate: 0
occupied_thresh: 0.65
free_thresh: 0.196

