image: IFSmap1.pgm
resolution: 0.010000
origin: [-15.874048, -12.676342, 0.000000]
negate: 0
occupied_thresh: 0.65
free_thresh: 0.196

