image: map.pgm
resolution: 0.010000
origin: [-5.607631, -6.561635, 0.000000]
negate: 0
occupied_thresh: 0.65
free_thresh: 0.196

