image: sim_map.pgm
resolution: 0.010000
origin: [-12.673726, -9.141816, 0.000000]
negate: 0
occupied_thresh: 0.65
free_thresh: 0.196

