image: testmap4.pgm
resolution: 0.010000
origin: [-4.458080, -6.623930, 0.000000]
negate: 0
occupied_thresh: 0.65
free_thresh: 0.196

