image: testmap6.pgm
resolution: 0.010000
origin: [-4.065770, -5.230000, 0.000000]
negate: 0
occupied_thresh: 0.65
free_thresh: 0.196

