image: testmap2.pgm
resolution: 0.010000
origin: [-4.108386, -4.623374, 0.000000]
negate: 0
occupied_thresh: 0.65
free_thresh: 0.196

